Label	Pop	cluster_relabeled	mean_prob
ALL02	4	2	0.447
ALL02	4	3	0.348
ALL02	4	1	0.205
ALL03	4	2	0.545
ALL03	4	3	0.288
ALL03	4	1	0.167
ALL04	4	2	0.43
ALL04	4	3	0.313
ALL04	4	1	0.257
ALL05	4	2	0.419
ALL05	4	3	0.361
ALL05	4	1	0.219
ALL06	4	2	0.4246
ALL06	4	3	0.274
ALL06	4	1	0.301
ALL11	4	2	0.4638
ALL11	4	3	0.309
ALL11	4	1	0.227
ALL12	4	2	0.425
ALL12	4	3	0.336
ALL12	4	1	0.239
ALLATOONA01	4	2	0.48
ALLATOONA01	4	3	0.335
ALLATOONA01	4	1	0.185
ALLATOONA10	4	2	0.483
ALLATOONA10	4	3	0.359
ALLATOONA10	4	1	0.158
CANOT11829	2	2	1
CANOT11829	2	3	0
CANOT11829	2	1	0
CANOT11830	2	2	1
CANOT11830	2	3	0
CANOT11830	2	1	0
CANOT11832	2	2	0.998
CANOT11832	2	3	0
CANOT11832	2	1	0.0016
CANOT11837	2	2	1
CANOT11837	2	3	0
CANOT11837	2	1	0
CANOT11838	2	2	1
CANOT11838	2	3	0
CANOT11838	2	1	0
CANOT2617	2	2	0.999
CANOT2617	2	3	0
CANOT2617	2	1	0.001
DB12041	2	2	0.999
DB12041	2	3	0
DB12041	2	1	0.001
DB2589	2	2	0.999
DB2589	2	3	0
DB2589	2	1	0.001
DB2590	2	2	1
DB2590	2	3	0
DB2590	2	1	0
DB2592	2	2	0.999
DB2592	2	3	0
DB2592	2	1	0
DB2593	2	2	1
DB2593	2	3	0
DB2593	2	1	0
DB2634	2	2	1
DB2634	2	3	0
DB2634	2	1	0
DB2635	2	2	0.999
DB2635	2	3	0
DB2635	2	1	0.001
DB2637	2	2	1
DB2637	2	3	0
DB2637	2	1	0
FL01	3	2	0
FL01	3	3	1
FL01	3	1	0
FL09	3	2	0
FL09	3	3	1
FL09	3	1	0
FL12	3	2	0
FL12	3	3	1
FL12	3	1	0
FL15	3	2	0
FL15	3	3	1
FL15	3	1	0
FL16	3	2	0
FL16	3	3	1
FL16	3	1	0
FL20	3	2	0
FL20	3	3	1
FL20	3	1	0
FL21	3	2	0
FL21	3	3	1
FL21	3	1	0
FL23	3	2	0
FL23	3	3	1
FL23	3	1	0
FL30	3	2	0
FL30	3	3	1
FL30	3	1	0
FL55	3	2	0
FL55	3	3	1
FL55	3	1	0
FL60	3	2	0
FL60	3	3	1
FL60	3	1	0
FL64	3	2	0
FL64	3	3	1
FL64	3	1	0
FL68	3	2	0
FL68	3	3	1
FL68	3	1	0
FL70	3	2	0
FL70	3	3	1
FL70	3	1	0
FL71	3	2	0.001
FL71	3	3	0.999
FL71	3	1	0
FL72	3	2	0
FL72	3	3	1
FL72	3	1	0
FL73	3	2	0
FL73	3	3	1
FL73	3	1	0
FLAL01	3	2	0
FLAL01	3	3	1
FLAL01	3	1	0
FLAL01II	3	2	0
FLAL01II	3	3	1
FLAL01II	3	1	0
FLAL02	3	2	0
FLAL02	3	3	1
FLAL02	3	1	0
FLAL02II	3	2	0
FLAL02II	3	3	1
FLAL02II	3	1	0
FLAL03	3	2	0
FLAL03	3	3	1
FLAL03	3	1	0
FLAL04	3	2	0
FLAL04	3	3	1
FLAL04	3	1	0
FLAL04II	3	2	0
FLAL04II	3	3	1
FLAL04II	3	1	0
FLF17	3	2	0
FLF17	3	3	1
FLF17	3	1	0
FLM10	3	2	0
FLM10	3	3	1
FLM10	3	1	0
FLM12	3	2	0
FLM12	3	3	1
FLM12	3	1	0
FLM13	3	2	0
FLM13	3	3	1
FLM13	3	1	0
FLM15	3	2	0
FLM15	3	3	1
FLM15	3	1	0
GU36	4	2	0.338
GU36	4	3	0.297
GU36	4	1	0.3652
GU42	4	2	0.1976
GU42	4	3	0.488
GU42	4	1	0.314
GU45	4	2	0.309
GU45	4	3	0.214
GU45	4	1	0.477
GU46	4	2	0.2648
GU46	4	3	0.337
GU46	4	1	0.398
GU51	4	2	0.3
GU51	4	3	0.273
GU51	4	1	0.427
GU55	4	2	0.252
GU55	4	3	0.432
GU55	4	1	0.3158
GU56	4	2	0.237
GU56	4	3	0.478
GU56	4	1	0.285
GU57	4	2	0.161
GU57	4	3	0.649
GU57	4	1	0.19
GU58	4	2	0.3032
GU58	4	3	0.275
GU58	4	1	0.422
GU61	4	2	0.284
GU61	4	3	0.331
GU61	4	1	0.384
LA006	4	2	0.7554
LA006	4	3	0.24
LA006	4	1	0.004
LA015	4	2	0.969
LA015	4	3	0.009
LA015	4	1	0.022
LA030	4	2	0.4736
LA030	4	3	0.48
LA030	4	1	0.047
LA032	4	2	0.896
LA032	4	3	0.037
LA032	4	1	0.067
LA033	4	2	0.544
LA033	4	3	0.448
LA033	4	1	0.008
LA034	4	2	0.03
LA034	4	3	0.936
LA034	4	1	0.034
LA10014	4	2	0.958
LA10014	4	3	0.005
LA10014	4	1	0.037
LA1136	4	2	0.784
LA1136	4	3	0.199
LA1136	4	1	0.017
LA1139	4	2	0.628
LA1139	4	3	0.357
LA1139	4	1	0.016
LAMAR2	4	2	0.608
LAMAR2	4	3	0.03
LAMAR2	4	1	0.361
LE04	4	2	0.356
LE04	4	3	0.534
LE04	4	1	0.11
LE05	4	2	0.329
LE05	4	3	0.55
LE05	4	1	0.1212
LE10	4	2	0.35
LE10	4	3	0.555
LE10	4	1	0.095
LE21	4	2	0.3842
LE21	4	3	0.521
LE21	4	1	0.094
LE23	4	2	0.349
LE23	4	3	0.523
LE23	4	1	0.128
LHARD32	4	2	0.527
LHARD32	4	3	0.345
LHARD32	4	1	0.1278
LHARD33	4	2	0.3626
LHARD33	4	3	0.498
LHARD33	4	1	0.14
LHARD34	4	2	0.455
LHARD34	4	3	0.413
LHARD34	4	1	0.132
LHARD35	4	2	0.407
LHARD35	4	3	0.463
LHARD35	4	1	0.129
LHARD36	4	2	0.361
LHARD36	4	3	0.489
LHARD36	4	1	0.15
MATT01	1	2	0.025
MATT01	1	3	0
MATT01	1	1	0.975
MATT02	1	2	0.0268
MATT02	1	3	0
MATT02	1	1	0.9732
MATT03	1	2	0.068
MATT03	1	3	0
MATT03	1	1	0.932
MATT04	1	2	0.036
MATT04	1	3	0
MATT04	1	1	0.964
MATT05	1	2	0.059
MATT05	1	3	0
MATT05	1	1	0.941
MATT06	1	2	0.04
MATT06	1	3	0
MATT06	1	1	0.96
MATT07	1	2	0.051
MATT07	1	3	0
MATT07	1	1	0.949
MATT08	1	2	0.0324
MATT08	1	3	0
MATT08	1	1	0.9676
MATT09	1	2	0.037
MATT09	1	3	0.001
MATT09	1	1	0.962
MATT10	1	2	0.034
MATT10	1	3	0
MATT10	1	1	0.966
Mill17	1	2	0.091
Mill17	1	3	0
Mill17	1	1	0.909
Mill18	1	2	0.054
Mill18	1	3	0
Mill18	1	1	0.946
Mill22	1	2	0.1006
Mill22	1	3	0.014
Mill22	1	1	0.885
NB07	1	2	0.042
NB07	1	3	0
NB07	1	1	0.958
NB11	1	2	0.0542
NB11	1	3	0
NB11	1	1	0.9456
NB12	1	2	0.036
NB12	1	3	0
NB12	1	1	0.964
NB13	1	2	0.031
NB13	1	3	0
NB13	1	1	0.969
NB19	1	2	0.033
NB19	1	3	0
NB19	1	1	0.967
NBM01	1	2	0.044
NBM01	1	3	0
NBM01	1	1	0.956
Otter12	1	2	0.067
Otter12	1	3	0
Otter12	1	1	0.933
Otter13	1	2	0.0534
Otter13	1	3	0
Otter13	1	1	0.9462
Otter16	1	2	0.0548
Otter16	1	3	0
Otter16	1	1	0.945
Otter17	1	2	0.053
Otter17	1	3	0
Otter17	1	1	0.947
Otter19	1	2	0.064
Otter19	1	3	0
Otter19	1	1	0.936
Otter21	1	2	0.051
Otter21	1	3	0
Otter21	1	1	0.949
Otter23	1	2	0.073
Otter23	1	3	0
Otter23	1	1	0.927
Otter4	1	2	0.0632
Otter4	1	3	0
Otter4	1	1	0.9362
Otter5	1	2	0.092
Otter5	1	3	0
Otter5	1	1	0.908
Otter6	1	2	0.066
Otter6	1	3	0
Otter6	1	1	0.934
REELF15612	1	2	0.119
REELF15612	1	3	0
REELF15612	1	1	0.881
REELF15732	1	2	0.115
REELF15732	1	3	0
REELF15732	1	1	0.885
REELF15745	1	2	0.118
REELF15745	1	3	0
REELF15745	1	1	0.882
REELF15775	1	2	0.1312
REELF15775	1	3	0
REELF15775	1	1	0.8688
RM09	4	2	0.388
RM09	4	3	0.3772
RM09	4	1	0.235
RM1	4	2	0.404
RM1	4	3	0.436
RM1	4	1	0.1596
RM11	4	2	0.3492
RM11	4	3	0.4678
RM11	4	1	0.183
RM12	4	2	0.356
RM12	4	3	0.4082
RM12	4	1	0.236
RM13	4	2	0.3526
RM13	4	3	0.522
RM13	4	1	0.126
SIPS09	2	2	0.957
SIPS09	2	3	0
SIPS09	2	1	0.043
SIPS110	2	2	0.819
SIPS110	2	3	0.069
SIPS110	2	1	0.112
SIPS114	2	2	0.949
SIPS114	2	3	0.014
SIPS114	2	1	0.037
SIPS13	2	2	0.96
SIPS13	2	3	0
SIPS13	2	1	0.04
SIPS14	2	2	0.962
SIPS14	2	3	0
SIPS14	2	1	0.038
SIPS18	2	2	0.969
SIPS18	2	3	0
SIPS18	2	1	0.031
SIPS20	2	2	0.986
SIPS20	2	3	0.014
SIPS20	2	1	0
SIPS26	2	2	0.982
SIPS26	2	3	0
SIPS26	2	1	0.018
SIPS27	2	2	0.946
SIPS27	2	3	0.005
SIPS27	2	1	0.049
SIPS32	2	2	0.979
SIPS32	2	3	0
SIPS32	2	1	0.021
Sipsey122	2	2	0.921
Sipsey122	2	3	0.052
Sipsey122	2	1	0.0272
Sipsey123	2	2	0.952
Sipsey123	2	3	0.027
Sipsey123	2	1	0.021
Sipsey124	2	2	0.9506
Sipsey124	2	3	0.015
Sipsey124	2	1	0.035
SL04	1	2	0
SL04	1	3	0
SL04	1	1	1
SL10	1	2	0
SL10	1	3	0
SL10	1	1	1
SL11	1	2	0
SL11	1	3	0
SL11	1	1	1
SL14	1	2	0
SL14	1	3	0
SL14	1	1	1
SL15	1	2	0
SL15	1	3	0
SL15	1	1	1
SL16	1	2	0
SL16	1	3	0
SL16	1	1	1
SL19	1	2	0
SL19	1	3	0
SL19	1	1	1
SL2	1	2	0
SL2	1	3	0
SL2	1	1	1
SL8	1	2	0
SL8	1	3	0
SL8	1	1	1
TN11851	2	2	1
TN11851	2	3	0
TN11851	2	1	0
TN11855	2	2	1
TN11855	2	3	0
TN11855	2	1	0
